1, 144.290, 44.020, 0.00e0, 1.00e10 # Abashiri
2, 131.427, 31.580, 0.00e0, 1.00e10 # Aburatsu 131.410, 31.580
3, 129.135, 35.065, 0.00e0, 1.00e10 # Busan 129.037, 35.093
4, 142.190, 27.077, 0.00e0, 1.00e10 # Chichijima 142.190, 27.090
5, 139.930, 40.650, 0.00e0, 1.00e10 # Fukaura 139.930, 40.650,
6, 140.720, 41.780, 0.00e0, 1.00e10 # Hakodate 140.720, 41.780
7, 145.585, 43.265, 0.00e0, 1.00e10 # Hanasaki 145.570, 43.280
8, 132.052, 34.890, 0.00e0, 1.00e10 # Hamada 132.070, 34.900
9, 144.370, 42.980, 0.00e0, 1.00e10 # Kushiro
10, 135.752, 33.469, 0.00e0, 1.00e10 # Kushimoto　135.770, 33.480
11, 139.819, 34.919, 0.00e0, 1.00e10 # Mera 139.830, 34.920
12, 129.870, 32.740, 0.00e0, 1.00e10 # Nagasaki 129.870, 32.740
13, 127.652, 26.227, 0.00e0, 1.00e10 # Naha 127.670, 26.210
14, 132.860, 42.780, 0.00e0, 1.00e10 # Nahodka 132.860, 42.780
15, 137.160, 37.518, 0.00e0, 1.00e10 # Noto 137.160, 37.500
16, 141.750, 39.010, 0.00e0, 1.00e10 # Ofunato 141.750, 39.020
17, 138.231, 34.610, 0.00e0, 1.00e10 # Omaezaki 138.220, 34.610
18, 130.800, 42.650, 0.00e0, 1.00e10 # Pos'et 130.800, 42.650
19, 133.922, 42.909, 0.00e0, 1.00e10 # Preobrazheniye
20, 135.800, 44.350, 0.00e0, 1.00e10 # Rudnaya Pristan 135.800, 44.350
21, 138.527, 38.320, 0.00e0, 1.00e10 # Sado 138.520, 38.320
22, 133.352, 36.190, 0.00e0, 1.00e10 # Saigo 133.330, 36.200
23, 138.330, 46.530, 0.00e0, 1.00e10 # Sosunovo 138.330, 46.530
24, 140.290, 48.970, 0.00e0, 1.00e10 # Sovetskaja Gavan' 140.290, 48.970
25, 132.935, 32.752, 0.00e0, 1.00e10 # Tosashimizu 132.960, 32.780
26, 137.220, 36.772, 0.00e0, 1.00e10 # Toyama
27, 131.920, 43.130, 0.00e0, 1.00e10 # Vladivostok 131.920, 43.130
28, 141.690, 45.410, 0.00e0, 1.00e10 # Wakkanai 141.690, 45.410
